        117.50	122.50        127.50        135.00        145.00
        155.00        165.00        175.00        185.00        195.00
        205.00        215.00        222.50        227.50        232.50
        237.50        242.50        247.50        252.50        257.50
        262.50        267.50        272.50        277.50        282.50
        287.50        292.50        297.50        302.50        307.50
        312.50        317.50        322.50        327.50        332.50
        337.50        342.50        347.50        352.50        357.50
        362.50        367.50        372.50        377.50        382.50
        387.50        392.50        397.50        402.50        407.50
        412.50        417.50        422.50        427.50        432.50
        437.50        442.50        447.50        452.50        457.50
        462.50        467.50        472.50        477.50        482.50
        487.50        492.50        497.50        502.50        507.50
        512.50        517.50        522.50        527.50        532.50
        537.50        542.50        547.50        552.50        557.50
        562.50        567.50        572.50        577.50        582.50
        587.50        592.50        597.50        602.50        607.50
        615.00        625.00        635.00        645.00        655.00
        665.00        675.00        685.00        695.00        705.00
        715.00        725.00        735.00        745.00        755.00
        765.00        775.00        785.00        795.00        805.00
        815.00        825.00        835.00        845.00        855.00
        865.00        875.00        885.00        895.00        905.00
        915.00        925.00        935.00        945.00        955.00
        965.00        975.00        985.00        995.00       1025.00
       1075.00       1125.00       1175.00       1225.00       1275.00
       1325.00       1375.00       1425.00       1475.00       1525.00
       1575.00       1625.00       1675.00       1725.00       1775.00
       1825.00       1875.00       1925.00       1975.00       2050.00
       2150.00       2250.00       2350.00       2450.00       2550.00
       2650.00       2750.00       2850.00       2950.00       3050.00
       3150.00       3250.00       3350.00       3450.00       3550.00
       3650.00       3750.00       3850.00       3950.00       4050.00
       4150.00       4250.00       4350.00       4450.00       4550.00
       4650.00       4750.00       4850.00       4950.00       5500.00
       6500.00       7500.00       8500.00       9500.00      10500.00
      11500.00      12500.00      13500.00      14500.00      57500.00